5.127109698966910045e+00 6.879701330579690577e-02 1
4.114246037258162403e+00 -7.732800321817494549e-01 1
6.099272800059928556e+00 -1.239444296622121522e+00 1
6.276910571979347431e+00 6.104554539648057165e-01 1
4.358128159201172025e+00 -6.222337889942886058e-01 1
5.072796529664318044e+00 -1.602913014732616492e-01 1
6.084086079274083403e+00 -3.869162414410939332e-01 1
4.246078251238264656e+00 3.380325481886372607e-01 1
6.866809483853760554e+00 1.287203340534536888e+00 1
6.467061232950669591e+00 2.884675701564241024e-01 1
5.933090481483051626e+00 -4.373485777864302149e-01 1
6.945896345049535903e+00 -1.558163954843487575e+00 1
5.828344346228621298e+00 7.781712858125362509e-01 1
5.882414063943200766e+00 -1.716085105821539170e+00 1
6.435016213433398136e+00 6.453355262137692172e-01 1
7.469123005570640572e+00 -1.564032490951754450e-01 1
6.347682159295578330e+00 -2.598066059629688951e+00 1
6.821836671256049200e+00 2.508297400681784861e-01 1
4.983891080441557264e+00 5.590630415578834445e-03 1
6.339358107727484537e+00 4.539304824353225243e-01 1
6.673437937704206568e+00 1.073281131324187676e+00 1
8.440891664457565113e+00 -1.299398172638352111e+00 1
6.028117329723690077e+00 -1.003291953531022518e-01 1
6.190426953356692685e+00 -7.512561982435457253e-01 1
6.912146017706962908e+00 9.988887592554025474e-01 1
5.278156631809144628e+00 -1.558518305553021843e+00 1
6.627344939205921825e+00 -9.683257408888887863e-01 1
4.783346911058445450e+00 -5.781846211890704357e-01 1
6.712246830470645520e+00 -4.247444495194270253e-01 1
5.308311668149644724e+00 -8.495389949192271306e-01 1
6.804531514864637032e+00 1.705461427807656527e+00 1
6.784583040819197386e+00 -1.373604567981737024e+00 1
4.367262901183472934e+00 -6.717073151097781025e-01 1
6.527563632181898612e+00 1.783000287369301162e+00 1
4.618322826563112216e+00 1.292124792426149860e+00 1
6.027056782922239897e+00 9.064140231593853514e-02 1
4.913966055007598754e+00 1.360924691844505929e+00 1
5.794846477473265089e+00 1.637868602387472450e+00 1
5.323988059479173529e+00 8.944227744976349648e-01 1
5.906921235221335387e+00 -7.441146600735004668e-01 1
6.234876079703055574e+00 -3.496607824638708895e-01 1
5.875001068430178996e+00 8.339914524596645506e-01 1
7.192320479426557611e+00 -1.911543046132927914e+00 1
5.119182872004361506e+00 1.029658647537717631e+00 1
5.212942461605966749e+00 -3.758169834961152533e-01 1
4.876095980520484652e+00 -1.413298848292994681e+00 1
6.522235234118217484e+00 -2.771752960232531926e-01 1
6.187211411962565855e+00 1.408105344454243735e+00 1
6.306068408279529081e+00 1.577844739908966787e-01 1
7.447020743660083042e+00 -3.331969425633718451e-01 1
2.702829624061512948e-01 4.187074500783122488e+00 -1
4.364069910547552222e-01 2.547809587344934901e+00 -1
-4.253417140807455588e-01 4.068316659721925355e+00 -1
-3.914049568844423788e-01 2.194111635004270866e+00 -1
-1.112973817262601361e+00 9.647959790665081581e-01 -1
-1.794124093208428805e+00 2.034085102200256845e+00 -1
1.654264277231150881e+00 2.879870042333517510e+00 -1
3.665472195469416938e-01 2.964279351098354276e+00 -1
-2.946449204099136354e-01 2.338869404503791216e+00 -1
9.930845638469064374e-02 1.363681945448266486e+00 -1
-3.793382035986510026e-01 1.795930599728782884e+00 -1
4.104931570096090332e-01 1.458431613900926127e+00 -1
2.669095951068419237e-01 1.525162894565491367e+00 -1
1.511696831654890438e+00 2.165564861593429757e+00 -1
-2.958719088029759248e-01 1.513711966683731092e+00 -1
-2.836482415118083966e-01 2.863582198535256751e+00 -1
1.112384062096625770e-01 1.342656288630967643e+00 -1
-1.169152496343461189e+00 2.103482546398228958e+00 -1
4.389168565349674811e-01 1.856184087417268147e+00 -1
4.360251298595616554e-01 1.135231915998424768e+00 -1
6.211775616741174177e-01 3.491079645487715766e-01 -1
5.093899842924495130e-02 1.878991352312189278e+00 -1
2.364890204191517908e-01 3.627524938887208172e+00 -1
7.045686541090810939e-01 5.732763527979103380e-01 -1
2.640144798514178215e-02 1.449740592170255749e+00 -1
1.837445854749325536e-01 3.573691932115795833e+00 -1
-9.436744385479437502e-01 1.806120657249249417e+00 -1
-7.575315998749345692e-01 2.057781739840727209e+00 -1
-9.426481472235720416e-01 1.366722599257759185e+00 -1
3.304607013794914616e-01 1.831469937135688397e+00 -1
1.348734742328499436e+00 1.675279908860047406e+00 -1
4.899022025662654323e-01 2.133253012363990564e+00 -1
3.565442548462735006e-01 2.438943356387710093e+00 -1
1.038356138846374233e+00 2.478606766518562043e+00 -1
-7.501452474593797159e-01 1.905125072614076487e+00 -1
-1.012533949487104845e+00 7.037206141715233176e-01 -1
1.863382534220349787e-02 -9.367296121497910022e-01 -1
-7.811663179825870662e-01 2.243779856382533744e+00 -1
6.365718624547651583e-01 4.091414172092209256e+00 -1
-1.356470656805131458e+00 4.819533958993389433e-01 -1
8.673848049235353130e-01 3.886248915278974536e+00 -1
-9.142128146445376302e-01 2.401469673325995924e+00 -1
-1.337679224185081672e+00 3.108873687986143608e+00 -1
-9.414876850503433037e-01 2.115438395220079482e+00 -1
-2.518340628532572678e-01 1.178121163699808793e+00 -1
6.337441363172512387e-01 2.172440169257332521e+00 -1
-1.532706538221926929e+00 2.212085074838058496e+00 -1
-2.103062400483965977e+00 4.324429885814115693e+00 -1
-2.301702142349926483e-01 2.545476783394980735e+00 -1
-3.614608721653622680e-01 -1.977911930672107133e-01 -1
